"Sens Factor =0.519dB, SERNO: 7188917"
"Auto-generated 90-degree calibration file"
10.054	-1.9585
10.179	-1.8184
10.306	-1.6816
10.434	-1.5478
10.564	-1.4173
10.696	-1.2899
10.829	-1.1656
10.964	-1.0444
11.100	-0.9261
11.238	-0.8108
11.378	-0.6986
11.520	-0.5893
11.663	-0.4828
11.809	-0.3794
11.956	-0.2786
12.104	-0.1806
12.255	-0.0855
12.408	0.0068
12.562	0.0966
12.718	0.1837
12.877	0.2680
13.037	0.3498
13.199	0.4290
13.364	0.5055
13.530	0.5797
13.698	0.6514
13.869	0.7205
14.042	0.7873
14.216	0.8518
14.393	0.9138
14.573	0.9734
14.754	1.0309
14.938	1.0860
15.124	1.1389
15.312	1.1897
15.503	1.2383
15.696	1.2847
15.891	1.3291
16.089	1.3714
16.289	1.4117
16.492	1.4500
16.697	1.4863
16.905	1.5207
17.115	1.5532
17.328	1.5838
17.544	1.6125
17.763	1.6394
17.984	1.6646
18.208	1.6881
18.434	1.7099
18.664	1.7299
18.896	1.7483
19.131	1.7652
19.369	1.7804
19.611	1.7940
19.855	1.8062
20.102	1.8169
20.352	1.8261
20.605	1.8340
20.862	1.8403
21.122	1.8454
21.385	1.8491
21.651	1.8516
21.920	1.8529
22.193	1.8528
22.470	1.8515
22.749	1.8492
23.032	1.8457
23.319	1.8411
23.609	1.8355
23.903	1.8288
24.201	1.8210
24.502	1.8124
24.807	1.8028
25.116	1.7923
25.429	1.7809
25.745	1.7687
26.066	1.7557
26.390	1.7419
26.719	1.7273
27.051	1.7122
27.388	1.6962
27.729	1.6797
28.074	1.6625
28.424	1.6447
28.778	1.6264
29.136	1.6076
29.499	1.5883
29.866	1.5685
30.238	1.5483
30.614	1.5278
30.995	1.5069
31.381	1.4857
31.772	1.4641
32.167	1.4424
32.568	1.4203
32.973	1.3981
33.383	1.3758
33.799	1.3533
34.220	1.3307
34.646	1.3080
35.077	1.2853
35.514	1.2615
35.956	1.2382
36.403	1.2155
36.857	1.1934
37.315	1.1719
37.780	1.1513
38.250	1.1314
38.726	1.1124
39.209	1.0945
39.697	1.0775
40.191	1.0616
40.691	1.0467
41.198	1.0328
41.711	1.0198
42.230	1.0077
42.756	0.9962
43.288	0.9853
43.827	0.9749
44.372	0.9651
44.925	0.9557
45.484	0.9468
46.050	0.9381
46.623	0.9296
47.204	0.9211
47.791	0.9125
48.386	0.9035
48.989	0.8940
49.599	0.8839
50.216	0.8732
50.841	0.8620
51.474	0.8504
52.115	0.8385
52.764	0.8263
53.420	0.8140
54.085	0.8017
54.759	0.7893
55.440	0.7769
56.131	0.7645
56.829	0.7521
57.537	0.7396
58.253	0.7272
58.978	0.7148
59.712	0.7025
60.456	0.6905
61.208	0.6788
61.970	0.6678
62.742	0.6576
63.523	0.6484
64.314	0.6401
65.114	0.6326
65.925	0.6256
66.745	0.6189
67.576	0.6122
68.418	0.6053
69.269	0.5981
70.132	0.5906
71.005	0.5829
71.889	0.5751
72.784	0.5673
73.690	0.5595
74.607	0.5519
75.536	0.5444
76.476	0.5370
77.428	0.5296
78.392	0.5222
79.368	0.5148
80.356	0.5073
81.356	0.4999
82.369	0.4928
83.394	0.4861
84.433	0.4800
85.484	0.4745
86.548	0.4696
87.625	0.4652
88.716	0.4614
89.820	0.4580
90.939	0.4551
92.071	0.4525
93.217	0.4502
94.377	0.4483
95.552	0.4467
96.742	0.4456
97.946	0.4448
99.165	0.4445
100.400	0.4443
101.650	0.4442
102.915	0.4439
104.196	0.4431
105.493	0.4416
106.806	0.4396
108.136	0.4371
109.482	0.4346
110.845	0.4324
112.225	0.4306
113.622	0.4295
115.037	0.4290
116.469	0.4293
117.919	0.4301
119.386	0.4313
120.873	0.4329
122.377	0.4346
123.901	0.4363
125.443	0.4381
127.005	0.4400
128.586	0.4420
130.187	0.4442
131.807	0.4466
133.448	0.4490
135.109	0.4514
136.791	0.4536
138.494	0.4554
140.218	0.4571
141.964	0.4584
143.731	0.4595
145.520	0.4604
147.332	0.4611
149.166	0.4618
151.023	0.4626
152.903	0.4635
154.806	0.4645
156.734	0.4658
158.685	0.4672
160.660	0.4687
162.660	0.4702
164.685	0.4716
166.735	0.4730
168.811	0.4745
170.912	0.4759
173.040	0.4774
175.194	0.4789
177.375	0.4804
179.583	0.4817
181.819	0.4827
184.082	0.4834
186.374	0.4838
188.694	0.4839
191.043	0.4836
193.421	0.4830
195.829	0.4821
198.267	0.4808
200.735	0.4793
203.234	0.4776
205.764	0.4756
208.325	0.4735
210.919	0.4711
213.544	0.4686
216.203	0.4659
218.894	0.4630
221.619	0.4599
224.378	0.4567
227.171	0.4534
229.999	0.4499
232.862	0.4460
235.761	0.4418
238.696	0.4370
241.668	0.4318
244.676	0.4261
247.722	0.4199
250.806	0.4131
253.928	0.4057
257.089	0.3978
260.290	0.3894
263.530	0.3805
266.810	0.3712
270.132	0.3618
273.495	0.3523
276.899	0.3429
280.346	0.3336
283.836	0.3246
287.370	0.3158
290.947	0.3075
294.569	0.2995
298.236	0.2920
301.949	0.2849
305.708	0.2781
309.513	0.2714
313.366	0.2647
317.267	0.2580
321.217	0.2512
325.216	0.2443
329.264	0.2372
333.363	0.2300
337.513	0.2227
341.715	0.2154
345.969	0.2083
350.276	0.2013
354.636	0.1944
359.051	0.1877
363.521	0.1811
368.046	0.1746
372.628	0.1681
377.266	0.1615
381.963	0.1549
386.718	0.1483
391.532	0.1419
396.406	0.1359
401.341	0.1304
406.337	0.1256
411.395	0.1215
416.517	0.1180
421.702	0.1152
426.951	0.1129
432.266	0.1110
437.648	0.1095
443.096	0.1082
448.612	0.1069
454.196	0.1055
459.851	0.1040
465.575	0.1023
471.371	0.1004
477.239	0.0983
483.180	0.0959
489.195	0.0932
495.285	0.0901
501.450	0.0866
507.693	0.0826
514.013	0.0784
520.412	0.0741
526.890	0.0700
533.449	0.0662
540.090	0.0630
546.814	0.0602
553.621	0.0580
560.513	0.0561
567.490	0.0545
574.555	0.0531
581.707	0.0518
588.949	0.0505
596.281	0.0494
603.703	0.0484
611.219	0.0478
618.828	0.0474
626.531	0.0474
634.331	0.0479
642.228	0.0486
650.222	0.0494
658.317	0.0503
666.512	0.0511
674.809	0.0517
683.210	0.0519
691.715	0.0518
700.326	0.0512
709.044	0.0504
717.871	0.0493
726.807	0.0481
735.855	0.0469
745.016	0.0455
754.290	0.0441
763.680	0.0424
773.187	0.0402
782.812	0.0378
792.557	0.0353
802.424	0.0326
812.413	0.0297
822.526	0.0265
832.766	0.0233
843.133	0.0201
853.629	0.0168
864.255	0.0133
875.014	0.0100
885.907	0.0065
896.935	0.0028
908.101	-0.0012
919.406	-0.0057
930.851	-0.0103
942.439	-0.0152
954.171	-0.0199
966.049	-0.0247
978.076	-0.0295
990.251	-0.0342
1002.579	-0.0389
1015.060	-0.0437
1027.696	-0.0489
1040.489	-0.0543
1053.442	-0.0598
1066.556	-0.0656
1079.833	-0.0715
1093.276	-0.0775
1106.886	-0.0837
1120.665	-0.0898
1134.616	-0.0959
1148.741	-0.1018
1163.041	-0.1077
1177.519	-0.1136
1192.178	-0.1193
1207.019	-0.1251
1222.045	-0.1313
1237.258	-0.1375
1252.660	-0.1436
1268.254	-0.1498
1284.042	-0.1558
1300.027	-0.1616
1316.211	-0.1672
1332.596	-0.1727
1349.185	-0.1780
1365.981	-0.1836
1382.985	-0.1889
1400.202	-0.1938
1417.633	-0.1985
1435.280	-0.2029
1453.148	-0.2073
1471.238	-0.2115
1489.553	-0.2154
1508.096	-0.2189
1526.870	-0.2220
1545.877	-0.2245
1565.121	-0.2268
1584.605	-0.2290
1604.332	-0.2310
1624.303	-0.2329
1644.524	-0.2347
1664.996	-0.2364
1685.723	-0.2377
1706.708	-0.2387
1727.955	-0.2398
1749.466	-0.2406
1771.244	-0.2408
1793.294	-0.2406
1815.618	-0.2399
1838.221	-0.2383
1861.104	-0.2366
1884.272	-0.2343
1907.729	-0.2317
1931.478	-0.2294
1955.523	-0.2270
1979.866	-0.2243
2004.513	-0.2212
2029.467	-0.2176
2054.731	-0.2138
2080.310	-0.2096
2106.207	-0.2053
2132.427	-0.2006
2158.973	-0.1960
2185.849	-0.1912
2213.060	-0.1862
2240.610	-0.1809
2268.503	-0.1755
2296.743	-0.1697
2325.334	-0.1637
2354.282	-0.1577
2383.590	-0.1518
2413.262	-0.1460
2443.305	-0.1404
2473.721	-0.1352
2504.515	-0.1300
2535.693	-0.1249
2567.260	-0.1202
2599.219	-0.1158
2631.576	-0.1116
2664.335	-0.1077
2697.503	-0.1039
2731.084	-0.0999
2765.082	-0.0957
2799.504	-0.0915
2834.354	-0.0874
2869.638	-0.0832
2905.362	-0.0797
2941.530	-0.0763
2978.148	-0.0728
3015.222	-0.0694
3052.758	-0.0660
3090.761	-0.0628
3129.237	-0.0597
3168.192	-0.0567
3207.632	-0.0538
3247.563	-0.0513
3287.991	-0.0493
3328.923	-0.0473
3370.364	-0.0455
3412.320	-0.0437
3454.799	-0.0420
3497.807	-0.0406
3541.351	-0.0396
3585.436	-0.0392
3630.070	-0.0397
3675.260	-0.0410
3721.012	-0.0430
3767.334	-0.0454
3814.233	-0.0480
3861.715	-0.0512
3909.789	-0.0545
3958.460	-0.0580
4007.738	-0.0615
4057.630	-0.0651
4108.142	-0.0693
4159.283	-0.0735
4211.061	-0.0776
4263.483	-0.0815
4316.559	-0.0854
4370.294	-0.0889
4424.699	-0.0924
4479.781	-0.0961
4535.548	-0.1002
4592.010	-0.1053
4649.175	-0.1115
4707.051	-0.1186
4765.648	-0.1264
4824.975	-0.1348
4885.039	-0.1452
4945.852	-0.1564
5007.421	-0.1681
5069.757	-0.1806
5132.870	-0.1945
5196.768	-0.2108
5261.460	-0.2281
5326.959	-0.2462
5393.273	-0.2649
5460.413	-0.2842
5528.388	-0.3040
5597.209	-0.3244
5666.887	-0.3453
5737.433	-0.3664
5808.857	-0.3876
5881.169	-0.4089
5954.383	-0.4303
6028.507	-0.4515
6103.555	-0.4727
6179.536	-0.4941
6256.464	-0.5158
6334.349	-0.5379
6413.204	-0.5604
6493.040	-0.5834
6573.870	-0.6071
6655.706	-0.6313
6738.562	-0.6560
6822.448	-0.6811
6907.379	-0.7065
6993.367	-0.7322
7080.426	-0.7585
7168.568	-0.7850
7257.808	-0.8115
7348.158	-0.8373
7439.633	-0.8633
7532.248	-0.8895
7626.015	-0.9160
7720.949	-0.9417
7817.065	-0.9669
7914.377	-0.9925
8012.901	-1.0187
8112.652	-1.0457
8213.645	-1.0723
8315.894	-1.0995
8419.416	-1.1272
8524.228	-1.1550
8630.343	-1.1827
8737.780	-1.2105
8846.555	-1.2387
8956.683	-1.2680
9068.182	-1.2986
9181.069	-1.3306
9295.362	-1.3640
9411.078	-1.3987
9528.233	-1.4351
9646.849	-1.4730
9766.939	-1.5134
9888.525	-1.5557
10011.625	-1.5994
10136.257	-1.6449
10262.440	-1.6919
10390.195	-1.7390
10519.540	-1.7879
10650.495	-1.8387
10783.080	-1.8911
10917.316	-1.9454
11053.223	-2.0015
11190.821	-2.0598
11330.133	-2.1204
11471.179	-2.1836
11613.980	-2.2489
11758.561	-2.3170
11904.939	-2.3880
12053.141	-2.4621
12203.188	-2.5393
12355.102	-2.6189
12508.907	-2.7013
12664.627	-2.7864
12822.286	-2.8743
12981.907	-2.9647
13143.516	-3.0575
13307.136	-3.1531
13472.793	-3.2517
13640.512	-3.3530
13810.319	-3.4562
13982.240	-3.5614
14156.302	-3.6691
14332.529	-3.7788
14510.951	-3.8908
14691.595	-4.0044
14874.486	-4.1199
15059.655	-4.2374
15247.129	-4.3564
15436.937	-4.4767
15629.106	-4.5984
15823.669	-4.7205
16020.654	-4.8452
16220.091	-4.9723
16422.010	-5.1017
16626.443	-5.2338
16833.422	-5.3671
17042.977	-5.5020
17255.141	-5.6377
17469.945	-5.7737
17687.424	-5.9099
17907.609	-6.0116
18130.537	-6.1148
18356.240	-6.2191
18584.752	-6.3243
18816.107	-6.4310
19050.346	-6.5389
19287.498	-6.6479
19527.604	-6.7582
19770.697	-6.8695
20016.816	-6.9819
